0.000000000000000000e+00 0.000000000000000000e+00 0.000000000000000000e+00 0.000000000000000000e+00 1.626643352210521698e-03 1.400571432895958424e-03 -4.540356167126446962e-04 9.999976158142089844e-01
1.000000000000000000e+00 3.557958126068115234e+00 3.238161504268646240e-01 -9.078385353088378906e+00 2.326128073036670685e-03 5.763777880929410458e-04 1.956916275958064944e-05 9.999971389770507812e-01
2.000000000000000000e+00 -1.226347684860229492e+00 -3.193233489990234375e+00 -1.677101325988769531e+01 3.200071398168802261e-03 1.117128995247185230e-03 -1.051725936122238636e-03 9.999936819076538086e-01
3.000000000000000000e+00 -9.920129776000976562e+00 1.445179271697998047e+01 -4.368374633789062500e+01 5.984178278595209122e-03 4.617982078343629837e-03 -1.152858487330377102e-03 9.999707937240600586e-01
4.000000000000000000e+00 -1.143166542053222656e+01 3.990075683593750000e+01 -7.568054199218750000e+01 9.826196357607841492e-03 7.012864109128713608e-03 -3.143508685752749443e-03 9.999222159385681152e-01
5.000000000000000000e+00 -1.863051986694335938e+01 6.517398071289062500e+01 -1.119417114257812500e+02 1.313834823668003082e-02 8.450109511613845825e-03 -9.179317392408847809e-03 9.998358488082885742e-01
6.000000000000000000e+00 -3.438199615478515625e+01 8.823554229736328125e+01 -1.412515563964843750e+02 1.687171310186386108e-02 1.079592481255531311e-02 -1.222095079720020294e-02 9.997246861457824707e-01
7.000000000000000000e+00 -4.777266311645507812e+01 1.172022628784179688e+02 -1.649267425537109375e+02 2.142005413770675659e-02 1.464159321039915085e-02 -1.172720454633235931e-02 9.995945692062377930e-01
8.000000000000000000e+00 -4.961198425292968750e+01 1.413778991699218750e+02 -1.979004669189453125e+02 2.502218075096607208e-02 1.579930819571018219e-02 -1.011275965720415115e-02 9.995108842849731445e-01
9.000000000000000000e+00 -4.599018478393554688e+01 1.617732696533203125e+02 -2.296973724365234375e+02 2.865022979676723480e-02 1.697658933699131012e-02 -8.118228986859321594e-03 9.994123578071594238e-01
1.000000000000000000e+01 -4.942499923706054688e+01 1.885954284667968750e+02 -2.718366394042968750e+02 3.262921422719955444e-02 1.893493533134460449e-02 -6.422739941626787186e-03 9.992675185203552246e-01
1.100000000000000000e+01 -5.190411376953125000e+01 2.174104766845703125e+02 -3.049969482421875000e+02 3.746609762310981750e-02 1.997150667011737823e-02 -6.526831537485122681e-03 9.990769624710083008e-01
1.200000000000000000e+01 -4.638257980346679688e+01 2.442099456787109375e+02 -3.365069580078125000e+02 4.201623052358627319e-02 2.030191011726856232e-02 -8.097655139863491058e-03 9.988778233528137207e-01
1.300000000000000000e+01 -4.239561843872070312e+01 2.766314086914062500e+02 -3.808013305664062500e+02 4.792511090636253357e-02 1.997587271034717560e-02 -8.777300827205181122e-03 9.986125826835632324e-01
1.400000000000000000e+01 -4.131591796875000000e+01 3.026039733886718750e+02 -4.097437438964843750e+02 5.278990045189857483e-02 1.995418965816497803e-02 -1.002126932144165039e-02 9.983559846878051758e-01
1.500000000000000000e+01 -4.102978134155273438e+01 3.264757690429687500e+02 -4.231369934082031250e+02 5.491762235760688782e-02 1.981119811534881592e-02 -1.083098538219928741e-02 9.982355833053588867e-01
1.600000000000000000e+01 -3.699307632446289062e+01 3.541066589355468750e+02 -4.371474304199218750e+02 5.729025602340698242e-02 1.796550117433071136e-02 -1.286875922232866287e-02 9.981129765510559082e-01
1.700000000000000000e+01 -3.607727432250976562e+01 3.755798034667968750e+02 -4.534291992187500000e+02 5.863920599222183228e-02 1.791610755026340485e-02 -1.225944515317678452e-02 9.980431795120239258e-01
1.800000000000000000e+01 -3.142996215820312500e+01 3.919892883300781250e+02 -4.892854309082031250e+02 6.168280541896820068e-02 1.894021965563297272e-02 -1.084396615624427795e-02 9.978571534156799316e-01
1.900000000000000000e+01 -2.439335823059082031e+01 3.905608215332031250e+02 -5.223718872070312500e+02 6.427505612373352051e-02 1.813966967165470123e-02 -1.090890821069478989e-02 9.977077245712280273e-01
2.000000000000000000e+01 -1.903871726989746094e+01 4.167252502441406250e+02 -5.484942016601562500e+02 6.871353089809417725e-02 1.944296993315219879e-02 -1.097949780523777008e-02 9.973865151405334473e-01
2.100000000000000000e+01 -1.153152656555175781e+01 4.343596191406250000e+02 -5.591334838867187500e+02 6.991169601678848267e-02 2.032784372568130493e-02 -8.860887028276920319e-03 9.973067045211791992e-01
2.200000000000000000e+01 -1.037043666839599609e+01 4.508900756835937500e+02 -5.644606933593750000e+02 7.047563791275024414e-02 2.335157990455627441e-02 -6.308537907898426056e-03 9.972201585769653320e-01
2.300000000000000000e+01 -1.366456222534179688e+01 4.794287109375000000e+02 -5.780940551757812500e+02 7.488884031772613525e-02 2.569208107888698578e-02 2.722104545682668686e-03 9.968571662902832031e-01
2.400000000000000000e+01 -9.108896255493164062e+00 4.900784912109375000e+02 -5.926818847656250000e+02 7.708143442869186401e-02 2.710394561290740967e-02 1.044838130474090576e-02 9.966015815734863281e-01
2.500000000000000000e+01 9.288632392883300781e+00 5.031073913574218750e+02 -6.011045532226562500e+02 7.975900918245315552e-02 2.488848567008972168e-02 1.852031424641609192e-02 9.963312745094299316e-01
2.600000000000000000e+01 1.410513496398925781e+01 5.219179687500000000e+02 -6.013107299804687500e+02 8.132458478212356567e-02 2.621357515454292297e-02 2.082847617566585541e-02 9.961251616477966309e-01
2.700000000000000000e+01 7.012903690338134766e+00 5.444358520507812500e+02 -5.968233642578125000e+02 8.482658118009567261e-02 2.812066487967967987e-02 2.863770537078380585e-02 9.955870509147644043e-01
2.800000000000000000e+01 2.321949958801269531e+00 5.665803222656250000e+02 -5.970238647460937500e+02 8.941591531038284302e-02 3.090166114270687103e-02 3.282776474952697754e-02 9.949734807014465332e-01
2.900000000000000000e+01 -3.431689023971557617e+00 5.849942626953125000e+02 -5.948189697265625000e+02 9.095674753189086914e-02 3.287994861602783203e-02 3.443309664726257324e-02 9.947161078453063965e-01
3.000000000000000000e+01 -1.340474414825439453e+01 5.970063476562500000e+02 -5.972172241210937500e+02 9.272723644971847534e-02 3.542031347751617432e-02 4.073624685406684875e-02 9.942271709442138672e-01
3.100000000000000000e+01 -2.436666297912597656e+01 6.084887695312500000e+02 -6.004024658203125000e+02 9.472322463989257812e-02 3.719429671764373779e-02 4.392346367239952087e-02 9.938384294509887695e-01
3.200000000000000000e+01 -3.429196166992187500e+01 6.275982055664062500e+02 -6.167330322265625000e+02 1.002117916941642761e-01 4.004298523068428040e-02 5.129827931523323059e-02 9.928356409072875977e-01
3.300000000000000000e+01 -4.312006378173828125e+01 6.489996948242187500e+02 -6.204542236328125000e+02 1.038078963756561279e-01 4.328031465411186218e-02 5.392358452081680298e-02 9.921910166740417480e-01
3.400000000000000000e+01 -4.930112075805664062e+01 6.685283813476562500e+02 -6.219666748046875000e+02 1.052741408348083496e-01 4.429784417152404785e-02 5.447484552860260010e-02 9.919614791870117188e-01
3.500000000000000000e+01 -6.458564758300781250e+01 6.861556396484375000e+02 -6.212607421875000000e+02 1.060265302658081055e-01 4.619959741830825806e-02 5.514401942491531372e-02 9.917575716972351074e-01
3.600000000000000000e+01 -8.689082336425781250e+01 7.024085083007812500e+02 -6.188379516601562500e+02 1.077538132667541504e-01 4.888178408145904541e-02 5.734694749116897583e-02 9.913178086280822754e-01
3.700000000000000000e+01 -1.169330139160156250e+02 7.053001098632812500e+02 -6.156262817382812500e+02 1.102108508348464966e-01 5.192811787128448486e-02 5.903030186891555786e-02 9.907938838005065918e-01
3.800000000000000000e+01 -1.545325775146484375e+02 7.049659423828125000e+02 -6.081026000976562500e+02 1.104513332247734070e-01 5.587006360292434692e-02 6.573174148797988892e-02 9.901304841041564941e-01
3.900000000000000000e+01 -1.985692443847656250e+02 6.928065185546875000e+02 -5.910887451171875000e+02 1.096069067716598511e-01 6.324055790901184082e-02 7.732968777418136597e-02 9.889423847198486328e-01
4.000000000000000000e+01 -2.355660858154296875e+02 6.796076049804687500e+02 -5.754893188476562500e+02 1.088200509548187256e-01 6.798898428678512573e-02 8.927853405475616455e-02 9.877069592475891113e-01
4.100000000000000000e+01 -2.660365600585937500e+02 6.669401245117187500e+02 -5.661346435546875000e+02 1.090080365538597107e-01 7.006581872701644897e-02 9.637963771820068359e-02 9.868733286857604980e-01
4.200000000000000000e+01 -2.910216369628906250e+02 6.532952880859375000e+02 -5.602993774414062500e+02 1.096033900976181030e-01 7.232867926359176636e-02 9.967254847288131714e-02 9.863169193267822266e-01
4.300000000000000000e+01 -3.243998718261718750e+02 6.390638427734375000e+02 -5.482752075195312500e+02 1.090051606297492981e-01 7.599462568759918213e-02 1.047055721282958984e-01 9.855858087539672852e-01
4.400000000000000000e+01 -3.642547912597656250e+02 6.185346679687500000e+02 -5.245001220703125000e+02 1.075400188565254211e-01 8.229849487543106079e-02 1.143116056919097900e-01 9.841722249984741211e-01
4.500000000000000000e+01 -3.954670104980468750e+02 5.975720825195312500e+02 -5.096611633300781250e+02 1.063087880611419678e-01 8.712624758481979370e-02 1.221210286021232605e-01 9.829516410827636719e-01
4.600000000000000000e+01 -4.313768920898437500e+02 5.910562133789062500e+02 -4.991816406250000000e+02 1.061985865235328674e-01 9.080176055431365967e-02 1.278069019317626953e-01 9.819074869155883789e-01
4.700000000000000000e+01 -4.619323120117187500e+02 5.886574707031250000e+02 -4.958929138183593750e+02 1.054795384407043457e-01 9.410683810710906982e-02 1.304662227630615234e-01 9.813238382339477539e-01
4.800000000000000000e+01 -5.075449218750000000e+02 5.875222778320312500e+02 -4.985302124023437500e+02 1.061408072710037231e-01 1.005503684282302856e-01 1.327758729457855225e-01 9.803031682968139648e-01
4.900000000000000000e+01 -5.398255615234375000e+02 5.861397094726562500e+02 -5.007954101562500000e+02 1.073084250092506409e-01 1.044658869504928589e-01 1.378864645957946777e-01 9.790602922439575195e-01
5.000000000000000000e+01 -5.735941162109375000e+02 5.840789184570312500e+02 -5.084065246582031250e+02 1.098919957876205444e-01 1.097471937537193298e-01 1.397549360990524292e-01 9.779303669929504395e-01
5.100000000000000000e+01 -5.697823486328125000e+02 5.626738891601562500e+02 -5.155402221679687500e+02 1.114551424980163574e-01 1.104406863451004028e-01 1.403732001781463623e-01 9.775868058204650879e-01
5.200000000000000000e+01 -5.692211303710937500e+02 5.494665527343750000e+02 -5.203239135742187500e+02 1.138127148151397705e-01 1.114051416516304016e-01 1.399851292371749878e-01 9.772613644599914551e-01
5.300000000000000000e+01 -5.793171997070312500e+02 5.332159423828125000e+02 -5.253634643554687500e+02 1.150833889842033386e-01 1.132221445441246033e-01 1.412298679351806641e-01 9.767244458198547363e-01
5.400000000000000000e+01 -5.848991088867187500e+02 5.150682373046875000e+02 -5.278716430664062500e+02 1.158929169178009033e-01 1.146190911531448364e-01 1.428062617778778076e-01 9.762364625930786133e-01
5.500000000000000000e+01 -5.904169311523437500e+02 4.960566101074218750e+02 -5.280939331054687500e+02 1.157386824488639832e-01 1.159453019499778748e-01 1.456473171710968018e-01 9.756782650947570801e-01
5.600000000000000000e+01 -6.009216918945312500e+02 4.767646484375000000e+02 -5.251810302734375000e+02 1.157465428113937378e-01 1.176692619919776917e-01 1.528468877077102661e-01 9.743687510490417480e-01
5.700000000000000000e+01 -6.134574584960937500e+02 4.548627929687500000e+02 -5.238026123046875000e+02 1.153733730316162109e-01 1.196310892701148987e-01 1.557754427194595337e-01 9.737101197242736816e-01
5.800000000000000000e+01 -6.243505249023437500e+02 4.320214233398437500e+02 -5.244067382812500000e+02 1.146898716688156128e-01 1.204564496874809265e-01 1.579540818929672241e-01 9.733380675315856934e-01
5.900000000000000000e+01 -6.429382324218750000e+02 4.093125610351562500e+02 -5.206860351562500000e+02 1.143866479396820068e-01 1.210463345050811768e-01 1.625288426876068115e-01 9.725471138954162598e-01
6.000000000000000000e+01 -6.584996337890625000e+02 3.865895385742187500e+02 -5.192769775390625000e+02 1.136918365955352783e-01 1.219553574919700623e-01 1.678419560194015503e-01 9.716121554374694824e-01
6.100000000000000000e+01 -6.780787353515625000e+02 3.594779663085937500e+02 -5.144868774414062500e+02 1.125641018152236938e-01 1.240928918123245239e-01 1.702915728092193604e-01 9.710463881492614746e-01
6.200000000000000000e+01 -6.919500732421875000e+02 3.343818054199218750e+02 -5.109931945800781250e+02 1.110164001584053040e-01 1.269472986459732056e-01 1.723425984382629395e-01 9.704935550689697266e-01
6.300000000000000000e+01 -6.996087036132812500e+02 3.141578063964843750e+02 -5.111468811035156250e+02 1.096964031457901001e-01 1.288696080446243286e-01 1.724792867898941040e-01 9.703660011291503906e-01
6.400000000000000000e+01 -7.217822265625000000e+02 2.984610595703125000e+02 -5.092631835937500000e+02 1.098740622401237488e-01 1.306899487972259521e-01 1.724388003349304199e-01 9.701096415519714355e-01
6.500000000000000000e+01 -7.454190063476562500e+02 2.904067382812500000e+02 -5.125223388671875000e+02 1.096691489219665527e-01 1.340385079383850098e-01 1.725487112998962402e-01 9.696562886238098145e-01
6.600000000000000000e+01 -7.686275024414062500e+02 2.882844848632812500e+02 -5.169111938476562500e+02 1.110023260116577148e-01 1.360556185245513916e-01 1.725274026393890381e-01 9.692273736000061035e-01
6.700000000000000000e+01 -7.919608764648437500e+02 2.738289794921875000e+02 -5.243579101562500000e+02 1.105885133147239685e-01 1.370114535093307495e-01 1.726858615875244141e-01 9.691118001937866211e-01
6.800000000000000000e+01 -8.369000854492187500e+02 2.753188171386718750e+02 -5.328239135742187500e+02 1.143748238682746887e-01 1.417386382818222046e-01 1.805150955915451050e-01 9.665623903274536133e-01
6.900000000000000000e+01 -8.554024047851562500e+02 2.650021972656250000e+02 -5.373428344726562500e+02 1.158677265048027039e-01 1.447954475879669189e-01 1.839872151613235474e-01 9.652759432792663574e-01
7.000000000000000000e+01 -8.568200683593750000e+02 2.364609680175781250e+02 -5.347661132812500000e+02 1.138600781559944153e-01 1.469837427139282227e-01 1.894080489873886108e-01 9.641349911689758301e-01
7.100000000000000000e+01 -8.598826293945312500e+02 2.045417785644531250e+02 -5.251856079101562500e+02 1.102282032370567322e-01 1.474422663450241089e-01 1.949247419834136963e-01 9.633871912956237793e-01
7.200000000000000000e+01 -8.611719970703125000e+02 1.780477142333984375e+02 -5.163931274414062500e+02 1.080116257071495056e-01 1.451467573642730713e-01 1.948167532682418823e-01 9.640084505081176758e-01
7.300000000000000000e+01 -8.627247314453125000e+02 1.537938232421875000e+02 -5.116345520019531250e+02 1.066915690898895264e-01 1.436728239059448242e-01 1.934655159711837769e-01 9.646481871604919434e-01
7.400000000000000000e+01 -8.653812866210937500e+02 1.300622406005859375e+02 -4.975560302734375000e+02 1.012888252735137939e-01 1.443103551864624023e-01 1.858579218387603760e-01 9.666291475296020508e-01
7.500000000000000000e+01 -8.690816650390625000e+02 1.072479858398437500e+02 -4.898778991699218750e+02 9.788636118173599243e-02 1.445474773645401001e-01 1.804850697517395020e-01 9.679614901542663574e-01
7.600000000000000000e+01 -8.698346557617187500e+02 8.662255096435546875e+01 -4.815419311523437500e+02 9.447659552097320557e-02 1.409128904342651367e-01 1.774997413158416748e-01 9.693872332572937012e-01
7.700000000000000000e+01 -8.687931518554687500e+02 7.053375244140625000e+01 -4.784083862304687500e+02 9.147398173809051514e-02 1.374028325080871582e-01 1.757808327674865723e-01 9.704916477203369141e-01
7.800000000000000000e+01 -8.662546997070312500e+02 5.737458038330078125e+01 -4.795358581542968750e+02 8.934284746646881104e-02 1.373412460088729858e-01 1.751069575548171997e-01 9.708206653594970703e-01
7.900000000000000000e+01 -8.573793945312500000e+02 4.141131973266601562e+01 -4.825576477050781250e+02 8.845281600952148438e-02 1.370706558227539062e-01 1.749929189682006836e-01 9.709609746932983398e-01
8.000000000000000000e+01 -8.488496704101562500e+02 2.055671501159667969e+01 -4.852578125000000000e+02 8.683082461357116699e-02 1.372745186090469360e-01 1.736057251691818237e-01 9.713275432586669922e-01
8.100000000000000000e+01 -8.413478393554687500e+02 1.511455535888671875e+00 -4.847268371582031250e+02 8.606961369514465332e-02 1.372561156749725342e-01 1.722458750009536743e-01 9.716399312019348145e-01
8.200000000000000000e+01 -8.268628540039062500e+02 -2.001895523071289062e+01 -4.816099548339843750e+02 8.420925587415695190e-02 1.351031810045242310e-01 1.705965697765350342e-01 9.723953604698181152e-01
8.300000000000000000e+01 -8.037777099609375000e+02 -3.120825195312500000e+01 -4.721768493652343750e+02 8.261541277170181274e-02 1.316949576139450073e-01 1.685526520013809204e-01 9.733555912971496582e-01
8.400000000000000000e+01 -7.974051513671875000e+02 -2.999629402160644531e+01 -4.600083312988281250e+02 7.903759181499481201e-02 1.304438710212707520e-01 1.691648364067077637e-01 9.737148880958557129e-01
8.500000000000000000e+01 -7.817536621093750000e+02 -5.672258758544921875e+01 -4.418767700195312500e+02 7.252441346645355225e-02 1.289808601140975952e-01 1.687129586935043335e-01 9.744947552680969238e-01
8.600000000000000000e+01 -7.881489257812500000e+02 -8.746600341796875000e+01 -4.068858337402343750e+02 6.599145382642745972e-02 1.333171427249908447e-01 1.695666611194610596e-01 9.742273092269897461e-01
8.700000000000000000e+01 -7.897957153320312500e+02 -9.979991912841796875e+01 -3.946278076171875000e+02 6.411039084196090698e-02 1.334431469440460205e-01 1.725630164146423340e-01 9.738094210624694824e-01
8.800000000000000000e+01 -7.844274902343750000e+02 -1.134645156860351562e+02 -3.909999084472656250e+02 6.336309760808944702e-02 1.331466138362884521e-01 1.739750057458877563e-01 9.736476540565490723e-01
8.900000000000000000e+01 -7.788620605468750000e+02 -1.296217956542968750e+02 -3.891284179687500000e+02 6.323824077844619751e-02 1.329541951417922974e-01 1.744170039892196655e-01 9.736030101776123047e-01
9.000000000000000000e+01 -7.707180786132812500e+02 -1.466725769042968750e+02 -3.870802612304687500e+02 6.295759975910186768e-02 1.322757899761199951e-01 1.749684959650039673e-01 9.736146330833435059e-01
9.100000000000000000e+01 -7.635109863281250000e+02 -1.665774230957031250e+02 -3.836413574218750000e+02 6.110757961869239807e-02 1.325414031744003296e-01 1.754892319440841675e-01 9.736026525497436523e-01
9.200000000000000000e+01 -7.452302246093750000e+02 -1.945495147705078125e+02 -3.688053894042968750e+02 5.710889771580696106e-02 1.311950236558914185e-01 1.750597804784774780e-01 9.741050004959106445e-01
9.300000000000000000e+01 -7.450112304687500000e+02 -2.141563568115234375e+02 -3.417914123535156250e+02 5.275763943791389465e-02 1.322681605815887451e-01 1.770344078540802002e-01 9.738483428955078125e-01
9.400000000000000000e+01 -7.568428955078125000e+02 -2.146404724121093750e+02 -3.321944885253906250e+02 5.125996097922325134e-02 1.337213963270187378e-01 1.776024699211120605e-01 9.736263751983642578e-01
9.500000000000000000e+01 -7.626298828125000000e+02 -2.115225524902343750e+02 -3.275554199218750000e+02 4.950556531548500061e-02 1.343953162431716919e-01 1.776532679796218872e-01 9.736151099205017090e-01
9.600000000000000000e+01 -7.646774902343750000e+02 -2.084441986083984375e+02 -3.228071594238281250e+02 4.686336964368820190e-02 1.343464851379394531e-01 1.794635951519012451e-01 9.734206199645996094e-01
9.700000000000000000e+01 -7.552190551757812500e+02 -2.029808044433593750e+02 -3.189938049316406250e+02 4.514940083026885986e-02 1.335515230894088745e-01 1.795012205839157104e-01 9.736040234565734863e-01
9.800000000000000000e+01 -7.325698242187500000e+02 -2.004984741210937500e+02 -3.205722961425781250e+02 4.265315085649490356e-02 1.315560340881347656e-01 1.760121136903762817e-01 9.746247529983520508e-01
9.900000000000000000e+01 -7.120555419921875000e+02 -2.055937652587890625e+02 -3.223813781738281250e+02 3.967766836285591125e-02 1.306592822074890137e-01 1.721367985010147095e-01 9.755628108978271484e-01
1.000000000000000000e+02 -6.907083740234375000e+02 -2.171676788330078125e+02 -3.234662475585937500e+02 3.463800996541976929e-02 1.311619728803634644e-01 1.631854474544525146e-01 9.772242307662963867e-01
1.010000000000000000e+02 -6.695432128906250000e+02 -2.270165100097656250e+02 -3.267835083007812500e+02 3.027006797492504120e-02 1.300253123044967651e-01 1.604281365871429443e-01 9.779774546623229980e-01
1.020000000000000000e+02 -6.564067993164062500e+02 -2.292243041992187500e+02 -3.294432678222656250e+02 2.851481549441814423e-02 1.292383372783660889e-01 1.600596010684967041e-01 9.781948924064636230e-01
1.030000000000000000e+02 -6.434622192382812500e+02 -2.408333587646484375e+02 -3.332775268554687500e+02 2.522161230444908142e-02 1.284090131521224976e-01 1.579179614782333374e-01 9.787425398826599121e-01
1.040000000000000000e+02 -6.362579956054687500e+02 -2.539845275878906250e+02 -3.380360107421875000e+02 2.245312184095382690e-02 1.263364702463150024e-01 1.565630137920379639e-01 9.792971611022949219e-01
1.050000000000000000e+02 -6.314187622070312500e+02 -2.620604553222656250e+02 -3.434132995605468750e+02 2.146612666547298431e-02 1.254176348447799683e-01 1.563862115144729614e-01 9.794656634330749512e-01
1.060000000000000000e+02 -6.321342773437500000e+02 -2.631178894042968750e+02 -3.465982666015625000e+02 1.785317808389663696e-02 1.251063346862792969e-01 1.549579203128814697e-01 9.798049330711364746e-01
1.070000000000000000e+02 -6.331957397460937500e+02 -2.615870056152343750e+02 -3.475235595703125000e+02 1.428361050784587860e-02 1.250153630971908569e-01 1.554214656352996826e-01 9.798016548156738281e-01
1.080000000000000000e+02 -6.250988159179687500e+02 -2.616066589355468750e+02 -3.512137451171875000e+02 1.219388004392385483e-02 1.232045292854309082e-01 1.597747057676315308e-01 9.793589711189270020e-01
1.090000000000000000e+02 -6.142164916992187500e+02 -2.716191711425781250e+02 -3.557582702636718750e+02 1.009717024862766266e-02 1.233568266034126282e-01 1.591821610927581787e-01 9.794601202011108398e-01
1.100000000000000000e+02 -6.102224731445312500e+02 -2.901692810058593750e+02 -3.608645629882812500e+02 5.120549350976943970e-03 1.228447481989860535e-01 1.572135388851165771e-01 9.798810482025146484e-01
1.110000000000000000e+02 -6.129302978515625000e+02 -2.962754516601562500e+02 -3.672393798828125000e+02 7.789194351062178612e-04 1.220007836818695068e-01 1.571659147739410400e-01 9.800071716308593750e-01
1.120000000000000000e+02 -6.126306762695312500e+02 -3.023770141601562500e+02 -3.713746948242187500e+02 -4.473854321986436844e-03 1.216034814715385437e-01 1.563776731491088867e-01 9.801727533340454102e-01
1.130000000000000000e+02 -6.109903564453125000e+02 -3.030899353027343750e+02 -3.783326416015625000e+02 -7.435662671923637390e-03 1.196751669049263000e-01 1.570769995450973511e-01 9.802802801132202148e-01
1.140000000000000000e+02 -6.094367675781250000e+02 -2.991339111328125000e+02 -3.831583251953125000e+02 -8.719540201127529144e-03 1.179816350340843201e-01 1.579959988594055176e-01 9.803272485733032227e-01
1.150000000000000000e+02 -6.090223388671875000e+02 -2.949871520996093750e+02 -3.848200683593750000e+02 -1.049832720309495926e-02 1.170961260795593262e-01 1.577917486429214478e-01 9.804489016532897949e-01
1.160000000000000000e+02 -6.085482788085937500e+02 -2.914606018066406250e+02 -3.861316833496093750e+02 -1.249675545841455460e-02 1.164218112826347351e-01 1.577112078666687012e-01 9.805186986923217773e-01
1.170000000000000000e+02 -6.070870361328125000e+02 -2.877109375000000000e+02 -3.869279785156250000e+02 -1.468730904161930084e-02 1.153591945767402649e-01 1.571643054485321045e-01 9.807017445564270020e-01
1.180000000000000000e+02 -6.045349121093750000e+02 -2.849363403320312500e+02 -3.871672363281250000e+02 -1.697683893144130707e-02 1.147121489048004150e-01 1.564727574586868286e-01 9.808512330055236816e-01
1.190000000000000000e+02 -6.032396850585937500e+02 -2.808290405273437500e+02 -3.872384033203125000e+02 -1.856368035078048706e-02 1.146524250507354736e-01 1.556912809610366821e-01 9.809538125991821289e-01
1.200000000000000000e+02 -5.909844360351562500e+02 -2.869443664550781250e+02 -3.865090637207031250e+02 -2.248476073145866394e-02 1.144124343991279602e-01 1.548912227153778076e-01 9.810264706611633301e-01
1.210000000000000000e+02 -5.756884765625000000e+02 -2.838236999511718750e+02 -3.871564636230468750e+02 -2.242147736251354218e-02 1.146004050970077515e-01 1.533799320459365845e-01 9.812434315681457520e-01
1.220000000000000000e+02 -5.586511230468750000e+02 -2.860178833007812500e+02 -3.874600219726562500e+02 -2.588392980396747589e-02 1.142040118575096130e-01 1.530651003122329712e-01 9.812535643577575684e-01
1.230000000000000000e+02 -5.454241333007812500e+02 -2.948319091796875000e+02 -3.843960876464843750e+02 -3.154823556542396545e-02 1.137452572584152222e-01 1.527695059776306152e-01 9.811871647834777832e-01
1.240000000000000000e+02 -5.292995605468750000e+02 -3.094084777832031250e+02 -3.819918518066406250e+02 -3.735788911581039429e-02 1.123061999678611755e-01 1.517810076475143433e-01 9.813023209571838379e-01
1.250000000000000000e+02 -5.229147338867187500e+02 -3.118806457519531250e+02 -3.825847778320312500e+02 -4.149019718170166016e-02 1.099300757050514221e-01 1.525627225637435913e-01 9.812841415405273438e-01
1.260000000000000000e+02 -5.155889282226562500e+02 -3.193847351074218750e+02 -3.832535400390625000e+02 -4.801355674862861633e-02 1.074896231293678284e-01 1.532015055418014526e-01 9.811574816703796387e-01
1.270000000000000000e+02 -5.057754211425781250e+02 -3.220551147460937500e+02 -3.872009887695312500e+02 -5.136002972722053528e-02 1.062521636486053467e-01 1.541641801595687866e-01 9.809719920158386230e-01
1.280000000000000000e+02 -5.049192504882812500e+02 -3.146897277832031250e+02 -3.907516784667968750e+02 -5.153917893767356873e-02 1.053070649504661560e-01 1.536916345357894897e-01 9.811386466026306152e-01
1.290000000000000000e+02 -5.033739929199218750e+02 -3.159966125488281250e+02 -3.922398986816406250e+02 -5.569236725568771362e-02 1.050080358982086182e-01 1.534372866153717041e-01 9.809834957122802734e-01
1.300000000000000000e+02 -4.974166259765625000e+02 -3.174670410156250000e+02 -3.974561767578125000e+02 -5.921487882733345032e-02 1.055020913481712341e-01 1.528335809707641602e-01 9.808184504508972168e-01
1.310000000000000000e+02 -4.888276062011718750e+02 -3.213116149902343750e+02 -4.026723022460937500e+02 -5.869450047612190247e-02 1.059802845120429993e-01 1.532007306814193726e-01 9.807409048080444336e-01
1.320000000000000000e+02 -4.789965820312500000e+02 -3.258785400390625000e+02 -4.111291198730468750e+02 -5.850756168365478516e-02 1.064619645476341248e-01 1.537185609340667725e-01 9.806188344955444336e-01
1.330000000000000000e+02 -4.631562500000000000e+02 -3.278959350585937500e+02 -4.244826049804687500e+02 -5.956346169114112854e-02 1.059239506721496582e-01 1.547042578458786011e-01 9.804584980010986328e-01
1.340000000000000000e+02 -4.549793701171875000e+02 -3.334025878906250000e+02 -4.342711791992187500e+02 -5.967671051621437073e-02 1.067226305603981018e-01 1.543386429548263550e-01 9.804226160049438477e-01
1.350000000000000000e+02 -4.443280944824218750e+02 -3.432328186035156250e+02 -4.405068054199218750e+02 -6.189821287989616394e-02 1.065206006169319153e-01 1.546766459941864014e-01 9.802535772323608398e-01
1.360000000000000000e+02 -4.425337219238281250e+02 -3.497346191406250000e+02 -4.438612976074218750e+02 -6.162171810865402222e-02 1.074733808636665344e-01 1.546943783760070801e-01 9.801642298698425293e-01
1.370000000000000000e+02 -4.330174255371093750e+02 -3.546544799804687500e+02 -4.476141052246093750e+02 -6.193753704428672791e-02 1.072913408279418945e-01 1.541448235511779785e-01 9.802508354187011719e-01
1.380000000000000000e+02 -4.256680603027343750e+02 -3.514539794921875000e+02 -4.517992553710937500e+02 -6.144249439239501953e-02 1.077293157577514648e-01 1.549367904663085938e-01 9.801090955734252930e-01
1.390000000000000000e+02 -4.198865966796875000e+02 -3.453016662597656250e+02 -4.561069946289062500e+02 -6.261283904314041138e-02 1.083762049674987793e-01 1.548580378293991089e-01 9.799761176109313965e-01
1.400000000000000000e+02 -4.114370727539062500e+02 -3.412966003417968750e+02 -4.589140319824218750e+02 -6.433731317520141602e-02 1.074362918734550476e-01 1.554615050554275513e-01 9.798724055290222168e-01
1.410000000000000000e+02 -4.121399841308593750e+02 -3.342928466796875000e+02 -4.604827270507812500e+02 -6.438394635915756226e-02 1.074816808104515076e-01 1.566004157066345215e-01 9.796829819679260254e-01
1.420000000000000000e+02 -4.113395996093750000e+02 -3.265087280273437500e+02 -4.614798583984375000e+02 -6.478578597307205200e-02 1.069441139698028564e-01 1.563633978366851807e-01 9.797531366348266602e-01
1.430000000000000000e+02 -4.028984069824218750e+02 -3.240296630859375000e+02 -4.608820190429687500e+02 -6.837870180606842041e-02 1.061138361692428589e-01 1.552165448665618896e-01 9.797816276550292969e-01
1.440000000000000000e+02 -3.821015014648437500e+02 -3.213705444335937500e+02 -4.625109558105468750e+02 -7.006207853555679321e-02 1.039952039718627930e-01 1.530343294143676758e-01 9.802330136299133301e-01
1.450000000000000000e+02 -3.595440368652343750e+02 -3.217822265625000000e+02 -4.644031982421875000e+02 -7.021394371986389160e-02 1.011034324765205383e-01 1.501627713441848755e-01 9.809685349464416504e-01
1.460000000000000000e+02 -3.476442871093750000e+02 -3.233243713378906250e+02 -4.656123657226562500e+02 -7.056824862957000732e-02 9.972812980413436890e-02 1.461270898580551147e-01 9.816930890083312988e-01
1.470000000000000000e+02 -3.371241149902343750e+02 -3.250504150390625000e+02 -4.653796081542968750e+02 -6.989639997482299805e-02 9.947720915079116821e-02 1.432619541883468628e-01 9.821887612342834473e-01
1.480000000000000000e+02 -3.208267517089843750e+02 -3.263406066894531250e+02 -4.651342773437500000e+02 -6.867374479770660400e-02 9.751862287521362305e-02 1.413456201553344727e-01 9.827489256858825684e-01
1.490000000000000000e+02 -3.127207946777343750e+02 -3.320935363769531250e+02 -4.638354187011718750e+02 -6.874075531959533691e-02 9.636952728033065796e-02 1.406264752149581909e-01 9.829607605934143066e-01
1.500000000000000000e+02 -3.036231994628906250e+02 -3.380077514648437500e+02 -4.622060852050781250e+02 -6.876367330551147461e-02 9.430060535669326782e-02 1.388464421033859253e-01 9.834127426147460938e-01
1.510000000000000000e+02 -2.900956726074218750e+02 -3.473507995605468750e+02 -4.587717895507812500e+02 -6.973876804113388062e-02 9.046289324760437012e-02 1.359313726425170898e-01 9.841116070747375488e-01
1.520000000000000000e+02 -2.795058288574218750e+02 -3.543920288085937500e+02 -4.565522460937500000e+02 -7.069075852632522583e-02 8.734577149152755737e-02 1.353978812694549561e-01 9.843987822532653809e-01
1.530000000000000000e+02 -2.690151672363281250e+02 -3.582014465332031250e+02 -4.560691528320312500e+02 -6.995691359043121338e-02 8.443400263786315918e-02 1.364586353302001953e-01 9.845587611198425293e-01
1.540000000000000000e+02 -2.642700500488281250e+02 -3.646838073730468750e+02 -4.548512268066406250e+02 -6.964007019996643066e-02 8.409581333398818970e-02 1.374087631702423096e-01 9.844780564308166504e-01
1.550000000000000000e+02 -2.591983947753906250e+02 -3.704665527343750000e+02 -4.538688049316406250e+02 -6.916194409132003784e-02 8.352899551391601562e-02 1.387553066015243530e-01 9.843711256980895996e-01
1.560000000000000000e+02 -2.545397949218750000e+02 -3.778220520019531250e+02 -4.529197692871093750e+02 -6.931299716234207153e-02 8.336476981639862061e-02 1.395400315523147583e-01 9.842634797096252441e-01
1.570000000000000000e+02 -2.493334045410156250e+02 -3.857157287597656250e+02 -4.517651062011718750e+02 -6.971067190170288086e-02 8.345173299312591553e-02 1.400403082370758057e-01 9.841569662094116211e-01
1.580000000000000000e+02 -2.292490234375000000e+02 -3.876192016601562500e+02 -4.533695678710937500e+02 -6.942287087440490723e-02 8.182176947593688965e-02 1.451595872640609741e-01 9.835722446441650391e-01
1.590000000000000000e+02 -2.139179840087890625e+02 -3.847972717285156250e+02 -4.560211486816406250e+02 -6.940050423145294189e-02 8.098734915256500244e-02 1.480679512023925781e-01 9.832093119621276855e-01
1.600000000000000000e+02 -2.049375305175781250e+02 -3.842802429199218750e+02 -4.571898193359375000e+02 -6.828071922063827515e-02 8.098007738590240479e-02 1.501200348138809204e-01 9.829770922660827637e-01
1.610000000000000000e+02 -1.933643188476562500e+02 -3.869781494140625000e+02 -4.586318054199218750e+02 -6.805013865232467651e-02 8.027335256338119507e-02 1.515796929597854614e-01 9.828270077705383301e-01
1.620000000000000000e+02 -1.812853088378906250e+02 -3.882052612304687500e+02 -4.603330993652343750e+02 -6.735135614871978760e-02 8.010797947645187378e-02 1.519733071327209473e-01 9.828278422355651855e-01
1.630000000000000000e+02 -1.652185516357421875e+02 -3.853445129394531250e+02 -4.647844848632812500e+02 -6.736218929290771484e-02 7.991681993007659912e-02 1.515542268753051758e-01 9.829074144363403320e-01
1.640000000000000000e+02 -1.472007141113281250e+02 -3.792707519531250000e+02 -4.700067138671875000e+02 -6.743793189525604248e-02 7.867909222841262817e-02 1.503412723541259766e-01 9.831882715225219727e-01
1.650000000000000000e+02 -1.283007965087890625e+02 -3.757681884765625000e+02 -4.780469665527343750e+02 -6.850979477167129517e-02 7.729616761207580566e-02 1.494286656379699707e-01 9.833629727363586426e-01
1.660000000000000000e+02 -1.045719833374023438e+02 -3.692202148437500000e+02 -4.887689819335937500e+02 -6.814637780189514160e-02 7.380485534667968750e-02 1.482011526823043823e-01 9.838421344757080078e-01
1.670000000000000000e+02 -9.276635742187500000e+01 -3.674009704589843750e+02 -4.944331054687500000e+02 -6.744942814111709595e-02 7.225002348423004150e-02 1.459001749753952026e-01 9.843493700027465820e-01
1.680000000000000000e+02 -8.602954101562500000e+01 -3.707384338378906250e+02 -4.973234863281250000e+02 -6.666295975446701050e-02 7.115952670574188232e-02 1.456427425146102905e-01 9.845204949378967285e-01
1.690000000000000000e+02 -7.924295043945312500e+01 -3.764727172851562500e+02 -4.995956726074218750e+02 -6.622529029846191406e-02 7.013459503650665283e-02 1.457470208406448364e-01 9.846081137657165527e-01
1.700000000000000000e+02 -7.074898529052734375e+01 -3.817117919921875000e+02 -5.016413574218750000e+02 -6.593007594347000122e-02 6.833159923553466797e-02 1.456708312034606934e-01 9.847660064697265625e-01
1.710000000000000000e+02 -5.157567596435546875e+01 -3.819695739746093750e+02 -5.064317626953125000e+02 -6.553881615400314331e-02 6.394152343273162842e-02 1.404494047164916992e-01 9.858448505401611328e-01
1.720000000000000000e+02 -3.771514892578125000e+01 -3.762423095703125000e+02 -5.099900207519531250e+02 -6.573845446109771729e-02 6.078846752643585205e-02 1.371511071920394897e-01 9.864951968193054199e-01
1.730000000000000000e+02 -2.448122024536132812e+01 -3.693705139160156250e+02 -5.137871704101562500e+02 -6.692612171173095703e-02 5.804867669939994812e-02 1.355089247226715088e-01 9.868072867393493652e-01
1.740000000000000000e+02 2.753643989562988281e+00 -3.504669494628906250e+02 -5.192321777343750000e+02 -6.397421658039093018e-02 5.185439065098762512e-02 1.355078518390655518e-01 9.873479604721069336e-01
1.750000000000000000e+02 1.408152008056640625e+01 -3.396904907226562500e+02 -5.212461547851562500e+02 -6.248540431261062622e-02 4.885746538639068604e-02 1.393713057041168213e-01 9.870583415031433105e-01
1.760000000000000000e+02 2.223624801635742188e+01 -3.311842041015625000e+02 -5.217811279296875000e+02 -6.259783357381820679e-02 4.558648169040679932e-02 1.390716582536697388e-01 9.872499704360961914e-01
1.770000000000000000e+02 2.953371620178222656e+01 -3.305111999511718750e+02 -5.205438842773437500e+02 -6.271246075630187988e-02 4.320543631911277771e-02 1.388074755668640137e-01 9.873869419097900391e-01
1.780000000000000000e+02 3.329893875122070312e+01 -3.268845214843750000e+02 -5.181554565429687500e+02 -6.242810562252998352e-02 4.140099883079528809e-02 1.359614282846450806e-01 9.878781437873840332e-01
1.790000000000000000e+02 3.691636276245117188e+01 -3.228843994140625000e+02 -5.166950073242187500e+02 -6.206262484192848206e-02 3.981523215770721436e-02 1.342146694660186768e-01 9.882051348686218262e-01
1.800000000000000000e+02 3.857426452636718750e+01 -3.253109436035156250e+02 -5.137820434570312500e+02 -6.154593452811241150e-02 3.904379531741142273e-02 1.308976709842681885e-01 9.887130260467529297e-01
1.810000000000000000e+02 4.246202850341796875e+01 -3.403445739746093750e+02 -5.100116271972656250e+02 -6.193279847502708435e-02 3.812166303396224976e-02 1.266958564519882202e-01 9.892720580101013184e-01
1.820000000000000000e+02 4.247497177124023438e+01 -3.653923339843750000e+02 -5.054251403808593750e+02 -6.334425508975982666e-02 3.857166692614555359e-02 1.200097352266311646e-01 9.899986982345581055e-01
1.830000000000000000e+02 4.451143264770507812e+01 -3.903536376953125000e+02 -5.017612609863281250e+02 -6.536617130041122437e-02 3.822556138038635254e-02 1.137104630470275879e-01 9.906240701675415039e-01
1.840000000000000000e+02 4.449886322021484375e+01 -4.095796203613281250e+02 -4.967696838378906250e+02 -6.682408601045608521e-02 3.791304305195808411e-02 1.077032163739204407e-01 9.912099242210388184e-01
1.850000000000000000e+02 4.493665695190429688e+01 -4.209367675781250000e+02 -4.929191894531250000e+02 -6.750519573688507080e-02 3.653559833765029907e-02 1.016820818185806274e-01 9.918512701988220215e-01
1.860000000000000000e+02 3.962944412231445312e+01 -4.288804016113281250e+02 -4.903999023437500000e+02 -6.816226243972778320e-02 3.594768792390823364e-02 9.948137402534484863e-02 9.920509457588195801e-01
1.870000000000000000e+02 2.558866119384765625e+01 -4.304634399414062500e+02 -4.857865295410156250e+02 -6.790142506361007690e-02 3.518990799784660339e-02 9.666216373443603516e-02 9.923746585845947266e-01
1.880000000000000000e+02 1.802590370178222656e+01 -4.207624511718750000e+02 -4.818110046386718750e+02 -6.620083004236221313e-02 3.288494423031806946e-02 1.003002226352691650e-01 9.922075867652893066e-01
1.890000000000000000e+02 1.689156341552734375e+01 -4.186234130859375000e+02 -4.782638854980468750e+02 -6.775655597448348999e-02 2.987354062497615814e-02 1.007633879780769348e-01 9.921509027481079102e-01
1.900000000000000000e+02 2.649844551086425781e+01 -4.223532409667968750e+02 -4.744674072265625000e+02 -7.436936348676681519e-02 2.550056576728820801e-02 1.004232168197631836e-01 9.918336868286132812e-01
1.910000000000000000e+02 2.633483886718750000e+01 -4.258406372070312500e+02 -4.731341857910156250e+02 -7.677025347948074341e-02 2.583289518952369690e-02 1.007887125015258789e-01 9.916051030158996582e-01
1.920000000000000000e+02 2.510175895690917969e+01 -4.229783325195312500e+02 -4.724576721191406250e+02 -7.538381963968276978e-02 2.584777772426605225e-02 1.011386662721633911e-01 9.916754364967346191e-01
1.930000000000000000e+02 2.438616752624511719e+01 -4.308069458007812500e+02 -4.700782165527343750e+02 -7.586825639009475708e-02 2.613296732306480408e-02 1.001806557178497314e-01 9.917282462120056152e-01
1.940000000000000000e+02 2.346845245361328125e+01 -4.412249145507812500e+02 -4.656396179199218750e+02 -7.466302812099456787e-02 2.660383842885494232e-02 9.956704080104827881e-02 9.918689727783203125e-01
